9.16089,1.24927,0.893786,4.74804,3.64414,0.893786,9.19436,0.893786,0.893786,0.970071,1.13801,1.13801,1.1879,0.893786,0.893786
12.4979,0.940661,12.517,0.883524,0.940661,0.940661,12.5887,0.940661,0.940661,0.883524,0.940661,0.940661,0.883524,0.940661,0.940661
0.984898,0.984898,0.984898,0.984898,0.984898,0.984898,0.984898,0.984898,0.984898,0.984898,0.984898,0.984898,0.984898,0.984898,0.984898
1.23057,0.992947,0.992947,1.23057,0.992947,0.992947,1.23057,0.992947,0.992947,1.23057,0.992947,0.992947,1.23057,0.992947,0.992947
1.025,1.58594,1.06567,3.1438,1.06567,5.35912,0.900176,0.935238,0.900176,0.900176,0.900176,1.25985,0.900176,0.900176,1.52111
8.27499,0.946071,0.946071,1.21967,0.946071,0.946071,9.72287,0.946071,0.946071,1.69176,0.946071,1.8815,1.21967,0.946071,0.946071
5.43371,1.46761,1.27256,1.19112,1.95322,1.46761,1.08638,0.981012,1.17889,1.08638,0.981012,0.981012,1.08638,0.981012,1.46761
8.58078,1.4316,8.45062,8.58159,1.83171,8.49439,0.974464,0.939877,7.51572,0.974464,1.0255,1.82713,0.893932,0.939877,1.4316
0.867174,0.867174,0.867174,0.867174,0.867174,0.867174,0.867174,0.867174,0.867174,0.867174,0.867174,0.867174,0.867174,0.867174,0.867174
0.984287,0.984287,0.984287,0.984287,0.984287,0.984287,0.984287,0.984287,0.984287,0.984287,0.984287,0.984287,2.93229,0.984287,0.984287
0.921915,0.921915,0.921915,0.921915,0.921915,0.921915,0.921915,0.921915,0.921915,0.921915,0.921915,0.921915,0.921915,0.921915,0.921915
3.03482,1.18656,5.78103,4.98592,1.57911,3.56233,1.13298,0.931654,1.13173,1.13298,0.931654,1.13173,1.13298,0.931654,1.13173
0.982026,0.940007,5.75056,0.982026,0.940007,6.12289,0.982026,1.2412,1.59698,0.982026,0.940007,0.960808,0.982026,0.960808,0.940007
0.982564,0.982564,0.982564,0.982564,0.982564,0.982564,0.982564,0.982564,0.982564,0.982564,0.982564,0.982564,0.982564,0.982564,0.982564
6.74523,2.3046,6.7661,2.01415,2.14438,1.18123,1.18123,0.972823,0.972823,6.73928,0.972823,1.03795,1.18123,0.946033,1.18123
1.11738,9.84459,2.39994,1.11738,0.976614,0.976614,1.11738,0.976614,1.11738,1.11738,0.976614,1.11738,1.11738,0.976614,1.11738
6.31771,0.951239,0.951239,0.951239,0.951239,0.951239,0.951239,0.951239,0.951239,0.951239,0.951239,1.42847,0.951239,0.951239,0.951239
1.14108,1.14108,1.14108,1.14108,1.14108,1.14108,1.14108,1.14108,1.14108,1.14108,0.960297,1.14108,1.14108,0.948319,1.14108
7.26233,1.4431,4.24921,0.900145,0.924019,0.948371,0.900145,0.978025,0.978025,1.23872,1.38629,1.38629,0.924019,0.924019,1.4431
6.08976,2.06996,6.17786,6.15449,1.47574,6.16813,2.67942,1.22629,1.21613,1.00965,0.864306,1.21613,1.1791,0.738225,1.21613
4.52577,1.32381,1.5025,0.96418,0.999556,1.17711,0.96418,0.96418,1.43433,1.07858,0.96418,1.94961,0.96418,1.48177,1.36356
5.65727,3.39057,5.69541,3.01894,1.23235,0.875187,2.0423,0.956771,5.62235,0.963225,0.983988,1.23235,5.63429,0.983988,1.23235
1.86145,2.18915,3.47773,1.36014,3.77765,1.16267,1.36754,0.904106,1.16267,1.7702,0.904106,1.37193,1.36754,0.904106,1.92125
0.871102,3.0333,0.871102,1.01821,1.83517,8.06566,8.12384,0.90746,1.18152,1.30454,0.951492,1.18152,1.01821,0.871102,0.963145
0.967503,0.960574,6.67917,0.967503,0.960574,0.960574,0.975477,0.967503,0.967503,1.14159,0.967503,0.960574,0.975477,0.960574,0.960574
0.985049,0.985049,0.985049,0.985049,0.985049,0.985049,0.985049,0.985049,0.985049,0.985049,0.985049,0.985049,0.985049,0.985049,0.985049
0.865044,0.865044,0.865044,0.865044,0.865044,0.865044,0.865044,0.865044,0.865044,0.865044,0.865044,0.865044,0.865044,0.865044,0.865044
0.98504,0.98504,0.98504,0.98504,0.98504,0.98504,0.98504,0.98504,0.98504,0.98504,0.98504,0.98504,0.98504,0.98504,0.98504
8.70893,7.42878,8.73571,7.14948,2.41404,0.71012,0.809436,0.809436,0.71012,1.70518,1.45642,0.71012,2.34767,0.809436,0.71012
1.10304,1.10304,1.10304,1.10304,1.01867,6.5352,1.10304,0.982313,1.10304,1.10304,0.982313,1.10304,1.37642,0.982313,1.10304
1.49819,1.20956,5.4632,3.04838,4.10152,0.97583,3.33203,1.05044,1.05044,1.05328,0.957583,1.05044,1.05328,0.926337,1.83945
1.06997,3.70505,1.06997,1.06997,1.06997,6.27001,1.06997,1.06997,3.19099,1.06997,0.91118,4.35516,1.06997,1.07513,1.06997
12.599,1.51962,1.51962,0.946086,0.946086,0.946086,0.946086,0.946086,12.59,0.946086,0.946086,1.79271,1.51962,1.43135,0.946086
1.16365,0.982023,10.027,1.16365,0.982023,0.982023,1.17498,0.982023,0.982023,1.17498,1.63246,0.982023,1.48969,0.948807,0.982023
6.12259,3.57979,6.26893,6.3845,1.8202,0.920729,6.14297,0.920729,0.906073,6.13904,2.07695,0.920729,6.2222,0.920729,0.920729
0.854447,8.4739,0.854447,0.854447,0.854447,0.933636,1.43375,0.933636,0.854447,14.5238,0.933636,0.933636,0.854447,0.933636,0.933636
5.83025,5.97527,0.973071,0.947959,0.973071,0.973071,0.947959,0.973071,0.973071,5.81428,0.973071,0.973071,1.25982,1.06007,0.973071
0.922376,1.35053,1.35053,16.1352,0.922376,15.5856,1.51678,0.922376,0.922376,1.51678,0.922376,1.68964,2.15752,0.922376,0.922376
8.50572,1.34208,8.47597,0.828104,1.06648,1.06648,1.2424,1.06648,1.06648,0.828104,0.828104,1.06648,1.01687,0.828104,1.06648
0.939044,0.939044,0.939044,0.939044,0.939044,0.939044,0.939044,0.932498,0.932498,0.939044,0.932498,0.932498,0.939044,0.932498,2.23202
0.8458,6.15336,12.1177,0.8458,0.8458,12.0957,12.1486,0.8458,0.8458,0.8458,0.8458,0.8458,0.8458,0.8458,0.8458
6.86456,3.01358,1.18107,1.18107,1.05877,1.096,6.92681,0.974192,1.05877,1.18107,0.974192,0.974192,1.18107,0.974192,1.05877
5.56627,5.61516,5.60077,1.09596,0.964281,0.964281,5.5857,0.964281,0.964281,0.964281,0.964281,1.33793,0.964281,0.984268,1.22358
1.32828,0.959183,0.959183,7.92572,0.95831,7.92403,1.16358,0.95831,0.959183,1.26255,0.959183,1.3439,1.16358,0.959183,0.959183
1.08951,1.08951,1.08951,1.08951,0.975074,0.975074,1.08951,0.975074,1.08951,1.08951,0.975074,1.08951,1.08951,0.975074,1.08951
5.05965,3.66418,1.7993,5.30496,1.54399,1.0329,5.28409,1.78317,0.965115,1.0329,0.965115,1.23724,0.849973,0.87789,1.29743
0.911416,10.2138,0.911416,6.39794,0.911416,1.30451,2.281,0.938798,10.0946,0.911416,1.5972,0.938798,1.91925,0.927343,0.911416
2.04589,2.83078,1.25603,1.25603,0.94096,1.25603,3.1302,0.982023,3.79698,0.969858,0.94096,1.12126,0.969858,0.94096,0.94096
0.746254,3.61405,16.6479,17.0088,1.28401,1.29014,1.09342,0.746254,1.29014,0.746254,0.746254,0.746254,0.746254,1.04298,2.37671
10.3348,3.04485,10.334,0.847954,1.34907,0.849298,4.09473,0.904411,1.07763,3.84653,0.905823,1.54213,0.847954,0.905823,0.905823
0.854133,0.854133,0.854133,0.854133,0.854133,0.854133,0.854133,0.854133,0.854133,0.854133,0.854133,0.854133,0.854133,0.854133,0.854133
5.77179,0.945554,5.98416,0.964218,0.945554,2.81967,5.00498,0.945554,0.945554,1.07612,1.41349,0.945554,0.964218,0.945554,0.945554
0.954521,0.954521,0.954521,0.954521,0.954521,0.954521,0.954521,0.954521,0.954521,0.954521,0.954521,0.954521,0.954521,0.954521,0.954521
7.39156,0.953273,0.953273,0.953273,0.953273,0.953273,0.953273,0.953273,0.953273,0.953273,0.953273,0.953273,0.953273,0.953273,0.953273
1.12197,1.02974,2.99647,1.12197,1.32934,1.03946,1.36113,1.42212,1.02262,1.12197,0.983643,1.06509,1.12197,0.983643,0.983643
8.0894,7.95815,8.02348,1.27858,1.15541,1.12965,1.5541,0.971356,1.12965,1.27858,0.971356,1.01335,1.27858,0.971356,1.12965
0.939732,1.20671,1.05019,4.963,0.907083,1.32777,1.29152,0.907083,1.05553,1.05019,0.907083,1.09354,1.05553,1.05081,1.15154
0.858192,0.858192,2.69816,0.858192,0.858192,0.858192,0.858192,0.858192,2.69816,0.858192,0.858192,0.858192,0.858192,0.858192,0.858192
9.57153,9.43364,0.925658,0.925658,2.29565,0.925658,0.901863,0.925658,0.925658,0.901863,1.24156,1.36809,0.901863,0.925658,1.24156
20.8831,0.977324,0.977324,21.1594,0.977324,0.977324,1.21747,0.977324,0.977324,1.21747,0.977324,0.977324,1.21747,0.977324,0.977324
5.29987,1.66288,5.53508,5.33409,1.05542,5.33209,5.24802,0.944631,1.17157,1.17157,0.972151,1.17157,1.17157,0.963105,1.17157
0.96995,0.96995,0.96995,0.96995,1.29359,0.96995,0.96995,0.96995,0.96995,0.96995,0.96995,0.96995,0.96995,0.96995,0.96995
10.1046,5.07916,0.734629,3.34897,0.986193,0.734629,0.734629,0.986193,1.03491,0.734629,1.24539,1.05439,0.734629,0.734629,0.734629
2.57277,3.40711,0.915125,0.915125,0.915125,1.06926,8.08219,1.06926,1.06926,1.07889,0.915125,1.07889,0.86629,1.29973,1.06926
7.6767,0.978776,1.13781,4.5044,0.978776,0.978776,1.13781,1.11254,1.11254,7.51337,0.978776,1.11254,1.13781,0.978776,1.13781
1.53789,0.948316,0.948316,17.245,0.948316,0.948316,1.53789,0.948316,0.948316,1.73346,0.948316,0.948316,1.53789,0.948316,0.948316
5.24465,1.05542,1.17157,1.17157,1.05542,1.17157,1.17157,0.972151,1.17157,1.42229,0.972151,1.17157,1.17157,0.944631,1.40974
5.40941,1.07398,1.70871,2.88168,1.07398,1.22311,1.15074,0.92641,1.22311,1.15074,1.24157,4.19673,1.15074,1.19002,1.98097
13.9324,9.4756,0.746254,1.04298,1.26981,1.29014,0.746254,0.746254,0.746254,0.746254,0.746254,1.29014,0.746254,0.746254,1.17326
11.9153,1.32837,15.733,0.870593,0.870593,0.870593,0.870593,0.870593,0.870593,0.870593,0.870593,0.870593,0.870593,0.870593,0.870593
2.18324,1.60006,2.15544,0.945208,0.945208,1.10551,0.939129,1.02429,2.55789,0.91685,1.20162,1.08963,1.22634,0.932252,1.24758
4.20302,3.74474,2.0512,2.28305,0.957137,6.28412,6.26193,0.957137,6.29185,5.7928,0.957137,4.70378,1.16385,0.957137,1.7404
1.06431,1.37524,1.37524,1.06431,1.06431,1.07252,1.06431,1.97709,1.06431,1.06431,0.957649,1.06431,1.06431,0.957649,1.07252
6.81808,15.7801,15.8515,1.36342,0.826659,1.04018,1.04018,2.29514,1.04018,1.04018,0.826659,1.04018,1.04018,0.826659,1.04018
1.21299,1.21299,1.21299,1.21299,1.21299,1.21299,1.5121,1.21299,1.21299,1.21299,0.95843,1.21299,1.21299,0.95843,1.21299
5.8986,1.07691,5.95592,1.14625,0.968205,0.968205,5.92225,0.988703,0.968205,1.14625,1.54899,1.07691,1.27102,0.968205,1.55573
8.73452,3.58012,0.916331,0.916331,1.25934,0.970201,0.916331,0.965137,0.917779,0.916331,0.965137,0.916331,0.916331,0.917779,0.917779
0.926602,0.926602,0.926602,0.926602,0.926602,0.926602,0.926602,0.926602,0.926602,0.926602,0.926602,0.926602,0.926602,0.926602,0.926602
0.953342,1.43737,0.953342,0.953342,1.43737,0.953342,0.953342,0.953342,0.953342,0.953342,0.953342,0.953342,0.953342,0.953342,0.953342
18.2366,0.439522,0.439522,0.439522,2.20094,0.439522,0.439522,2.20094,0.439522,0.439522,0.439522,2.20094,0.439522,0.439522,0.439522
2.21649,2.5392,8.4345,2.55394,1.43954,1.03065,1.0021,1.03065,1.03065,1.0021,0.875678,1.43954,1.0021,0.875678,1.03065
13.9146,17.0892,17.1705,0.815361,1.56863,0.815361,0.815361,1.01066,0.815361,0.815361,1.85842,0.815361,1.01066,0.815361,1.42568
0.958599,1.90725,0.958599,0.958599,0.958599,0.958599,0.958599,0.958599,0.958599,0.958599,1.25667,0.958599,0.958599,0.958599,0.958599
0.981917,0.981917,0.981917,0.981917,0.981917,0.981917,0.981917,0.981917,0.981917,0.981917,0.981917,0.981917,0.981917,0.981917,0.981917
18.1533,9.22291,2.62179,0.837499,0.863723,0.863723,0.837499,0.863723,0.863723,0.837499,0.863723,0.863723,0.837499,0.863723,0.863723
4.71576,1.05553,4.55256,5.41983,1.05553,1.05553,1.30478,1.05553,1.05553,1.21787,1.06366,1.05553,5.41932,0.881194,1.05553
10.0831,1.11632,1.11632,10.1208,1.11632,1.11632,0.989599,1.11632,1.11632,0.989599,0.989599,1.11632,0.989599,0.843694,1.11632
4.1892,7.55118,0.965447,0.921735,1.06723,1.07735,0.921735,0.965447,7.71258,0.965447,1.06723,1.07735,0.965447,0.965447,2.03589
1.35304,1.39575,0.890921,1.12785,7.64704,6.1338,1.12785,1.2527,1.12785,1.12785,0.996439,1.12785,1.12785,0.890921,1.12785
0.986349,0.986349,0.986349,0.986349,0.986349,0.986349,0.986349,0.986349,0.986349,0.986349,0.986349,0.986349,0.986349,0.986349,0.986349
1.29504,0.969062,0.969062,4.31555,0.969062,0.969062,0.984098,0.969062,0.969062,0.976052,1.28805,0.973992,0.984098,1.29245,0.969062
10.7264,10.895,10.8792,10.6951,0.971225,1.19388,1.49471,0.971225,0.971225,1.57624,0.971225,0.971225,1.71228,0.971225,0.971225
1.38032,0.992108,0.992108,1.93074,0.992108,0.992108,1.38032,0.992108,0.992108,1.38032,0.992108,0.992108,1.38032,0.992108,0.992108
10.0276,0.974691,0.974691,0.974691,0.974691,2.92728,0.974691,0.974691,0.974691,0.974691,0.974691,10.0894,0.974691,0.974691,0.974691
1.36634,4.46221,9.10225,2.14693,0.916307,1.8253,3.44934,0.916307,1.28855,2.20681,0.916307,1.36634,2.77045,0.916307,1.81135
8.78052,4.73411,1.05189,1.05189,1.05189,1.08685,1.05189,1.92445,1.92445,1.05189,0.915988,1.05189,1.88701,0.915988,1.05189
1.36606,1.49883,3.51909,1.04218,1.67034,1.29149,1.04218,0.854807,1.29149,1.04218,0.854807,1.29149,0.918642,0.854807,1.30001
0.960717,0.960717,0.960717,1.22428,0.960717,0.966668,0.973517,0.960717,0.960717,0.966668,0.960717,0.960717,0.973517,0.960717,0.960717
0.984267,0.984267,0.984267,0.984267,0.984267,0.984267,0.984267,0.984267,0.984267,0.984267,0.984267,3.03269,0.984267,0.984267,0.984267
0.441446,36.1923,36.0506,0.441446,0.441446,0.441446,0.441446,4.25833,35.6274,0.441446,1.38257,0.441446,0.441446,1.38257,1.38257
1.87492,6.14351,12.5233,0.729334,2.65491,0.899451,0.899451,0.899451,0.899451,0.729334,0.899451,0.899451,1.44228,0.899451,0.899451
0.92173,0.92173,0.92173,0.92173,0.92173,0.92173,0.92173,0.92173,0.92173,0.92173,0.92173,0.92173,0.92173,1.84346,0.92173
9.98343,0.954521,0.954521,0.954521,0.954521,0.954521,0.955045,0.954521,0.954521,0.954521,0.954521,1.44235,0.954521,0.954521,0.954521
0.8481,15.2201,15.5155,0.928124,1.25163,0.910631,0.928124,1.26896,0.736966,0.8481,0.8481,13.9422,1.25163,0.910631,1.2949
7.23814,1.91793,7.24339,7.23471,1.91793,7.26254,7.16679,1.11145,1.91793,1.12094,0.936319,0.937729,1.0724,0.936319,7.2597
5.49336,0.984957,0.984957,2.27828,0.984957,0.984957,2.3068,0.984957,0.984957,1.04383,0.984957,0.984957,1.13334,0.894724,0.984957
6.37491,6.29441,6.17681,6.24423,1.21667,1.05463,0.927713,0.939996,1.05463,0.927713,0.939996,1.05463,1.04234,0.939996,1.05463
3.74492,1.07686,1.07686,1.07686,1.07686,1.07686,1.07686,0.960443,1.07686,1.07686,0.960443,1.38401,1.07686,0.960443,1.37881
0.90804,0.90804,0.90804,0.90804,1.81298,0.90804,0.90804,0.90804,0.90804,0.90804,0.90804,0.90804,1.81298,0.90804,0.90804
0.89541,0.89541,8.98347,0.89541,0.89541,0.89541,1.0609,0.89541,1.0609,0.89541,1.0609,1.34506,0.89541,1.0609,0.89541
1.39526,0.986769,0.986769,1.99431,0.986769,0.986769,1.39526,0.986769,0.986769,1.39526,0.986769,0.986769,1.99431,0.986769,0.986769
16.4478,5.11786,0.984038,1.87048,0.984038,0.984038,1.87048,0.984038,0.984038,3.63203,0.984038,0.984038,1.87048,0.984038,0.984038
5.57427,5.44877,1.01266,5.54878,5.54769,1.07521,1.00793,1.07521,1.08772,1.07232,0.905182,1.07232,1.20225,1.07556,1.07521
0.996106,1.50087,3.42496,1.07661,1.07661,7.44207,0.996106,0.951448,1.10445,0.996106,0.951448,0.966492,1.86983,0.951448,1.10445
1.10426,0.982669,1.10426,1.10426,0.982669,1.10426,1.10426,0.982669,1.10178,1.39443,0.982669,1.10426,1.10426,1.30896,1.10426
2.17044,1.20244,1.54964,1.77924,0.970687,0.970687,0.961373,0.951703,1.20244,0.961373,0.951703,1.24769,1.93662,1.28052,0.884523
1.09309,0.90022,1.09309,1.09309,1.09309,1.09309,1.09309,0.90022,1.09309,1.39833,0.90022,1.39833,1.09309,0.90022,0.90022
2.01446,2.29799,9.21647,7.53079,4.08147,0.950551,1.01405,0.950551,0.950551,1.01405,0.950551,0.950551,1.01405,0.950551,0.950551
34.1527,0.783603,0.783603,0.783603,0.824252,0.824252,0.783603,0.824252,0.824252,0.824252,0.783603,0.824252,0.824252,0.824252,0.824252
2.30126,1.53705,5.8981,1.13538,1.23447,1.23576,1.13538,0.923431,6.5846,0.94115,0.923431,1.53834,0.94115,0.923431,6.41246
10.736,4.69517,1.91426,10.79,0.971225,4.11942,1.57624,0.971225,0.971225,1.49471,0.971225,0.971225,1.53925,0.971225,1.62202
0.980778,0.980778,0.980778,0.980778,0.980778,0.980778,0.980778,0.980778,0.980778,0.980778,0.980778,0.980778,0.980778,0.980778,0.980778
6.39509,0.971212,0.916899,0.916899,0.971212,0.995709,0.916899,0.916899,0.916899,6.44217,1.28102,0.971212,0.971212,0.995709,0.916899
6.56011,1.10688,5.83536,1.66173,1.10688,1.42065,1.3969,0.928704,1.10688,3.83312,0.928704,1.10688,1.05197,1.24677,2.08663
7.36419,0.984138,7.38225,7.39475,1.31084,0.984138,0.93474,0.984138,0.984138,0.93474,0.93474,7.42635,0.93474,0.984138,0.984138
0.727141,12.365,12.6039,0.727141,1.23572,1.22362,0.727141,1.23572,1.23572,0.850818,0.727141,1.23572,0.914494,1.12481,1.23572
10.4614,10.5545,10.5763,10.54,10.602,0.90512,0.774123,1.64418,0.90512,0.926729,0.90512,0.90512,0.774123,0.926729,0.90512
10.5626,4.96454,1.2689,0.857854,0.857854,0.916951,0.874133,0.874133,0.916951,1.3266,0.857854,0.916951,0.874133,1.36224,0.874133
1.26211,1.08836,1.08836,1.26211,1.08836,1.08836,1.67244,0.944332,1.08836,1.26211,1.19053,1.08836,1.67244,0.944332,1.08836
6.58075,0.990762,1.29191,1.29191,0.990762,0.990762,1.29191,0.990762,0.990762,1.29191,0.990762,0.990762,1.29191,0.990762,0.990762
8.11516,1.27601,7.95747,1.95598,1.2074,0.999456,1.17808,0.999456,0.999456,1.17808,0.952255,0.999456,1.53781,0.919866,0.999456
19.1238,0.915823,0.915823,4.32393,0.915823,0.915823,0.915823,0.915823,0.915823,0.915823,0.915823,0.915823,0.915823,0.915823,0.915823
2.79278,1.2392,0.964135,0.965394,0.964135,0.965394,0.965394,0.964135,0.964135,1.24137,0.964135,0.964135,0.965394,0.964135,0.964135
7.70955,7.9448,7.87207,0.930499,0.959319,0.959319,1.20935,0.959319,0.959319,1.33626,0.959319,0.959319,0.930499,0.959319,0.959319
7.99295,7.97592,7.90906,7.88957,2.35017,0.787921,1.03988,1.19902,7.91711,1.03988,1.19902,2.77106,1.03988,0.787921,1.16661
4.23697,5.91707,6.69646,0.803114,0.814139,0.814139,0.803114,2.34137,0.814139,2.06622,0.814139,0.814139,2.67975,0.814139,0.814139
19.7795,0.731973,0.709685,0.709685,0.731973,1.22185,0.731973,0.731973,0.709685,2.76475,0.731973,0.709685,0.731973,0.709685,0.731973
0.980784,0.980784,0.980784,0.980784,0.980784,0.980784,0.980784,0.980784,0.980784,0.980784,0.980784,0.980784,0.980784,0.980784,0.980784
9.99555,4.83044,10.4273,4.02711,1.45196,0.968259,1.6695,0.935081,0.935081,1.31458,0.935081,10.1337,1.31458,1.46864,0.935081
6.64978,0.96743,0.96743,0.96743,0.96743,0.96743,1.27305,0.96743,1.28804,0.96743,0.96743,0.96743,1.28951,0.96743,0.96743
4.31974,8.85642,4.47226,0.894756,0.894756,1.82835,0.894756,0.894756,1.82835,5.73123,0.894756,2.12093,0.894756,0.894756,2.07935
2.36317,2.19878,6.91485,2.9339,2.06662,1.20972,0.935094,1.17164,0.913507,1.55977,1.38167,1.53933,1.01426,0.912147,1.49544
12.7943,6.80431,12.8264,0.932558,0.932558,0.932558,0.932558,0.932558,0.932558,0.932558,0.932558,0.932558,0.932558,0.932558,0.932558
1.13074,1.13074,1.13074,1.13074,1.13074,1.13074,1.13074,0.947473,1.13074,1.45149,1.02733,1.13074,1.13074,0.947478,1.13074
0.90804,0.90804,15.7403,0.90804,0.90804,0.90804,0.90804,0.90804,0.90804,0.90804,0.90804,0.90804,1.85503,0.90804,0.90804
1.08979,1.99638,1.08979,1.08979,1.00272,1.18126,5.91862,0.986087,1.18126,1.08979,0.986087,1.18126,1.42609,0.986087,0.986087
8.34181,0.975228,0.975228,1.49029,1.0355,8.39534,1.9072,0.975228,0.975228,1.62325,1.0355,1.0355,1.49029,0.944339,0.975228
1.178,7.73333,0.948453,0.948453,0.948453,0.948453,0.948453,0.948453,0.948453,0.948453,0.948453,0.948453,0.948453,0.948453,0.948453
24.4169,1.55766,1.55766,1.81924,0.883977,0.883977,1.81924,2.63361,0.883977,2.15505,0.883977,0.883977,3.73326,0.883977,0.883977
9.63459,4.42278,9.62538,0.924101,1.38301,0.924101,0.924101,0.924101,0.924101,0.924101,0.924101,0.924101,0.924101,0.924101,0.924101
9.09281,4.04139,1.10213,9.0764,0.984173,1.10213,1.11632,0.984173,1.10213,1.10213,0.984173,1.11632,1.10213,0.962812,1.42765
0.870724,0.870724,0.870724,0.870724,0.870724,0.870724,0.870724,0.870724,0.870724,4.2399,0.870724,2.63633,0.870724,0.870724,0.870724
0.975076,0.975076,0.975076,0.975076,0.975076,0.975076,0.975076,0.975076,0.975076,0.975076,0.975076,0.975076,0.975076,0.975076,0.975076
5.78935,1.40497,4.93446,1.12738,1.12738,5.7309,1.12738,1.12738,5.65624,1.42508,0.968039,1.12738,1.51484,0.968039,1.12738
0.955217,0.955217,0.955217,0.955217,0.955217,0.955217,0.955217,0.955217,0.955217,0.955217,0.955217,0.955217,2.24108,0.955217,0.955217
1.54081,1.86506,1.86506,5.96685,1.38464,1.28618,1.96393,0.962701,1.28618,0.850692,2.31612,1.28618,0.850692,0.850692,1.04068
4.59665,3.74391,1.61398,5.08148,1.86354,1.12257,0.919506,1.227,1.12257,1.00035,0.936508,1.12257,0.919506,0.919506,1.36787
0.987629,0.987629,0.987629,0.987629,0.987629,0.987629,0.987629,0.987629,0.987629,0.987629,0.987629,0.987629,0.987629,0.987629,0.987629
1.01599,4.72018,1.40939,1.4066,0.937703,1.01599,1.4213,0.937703,12.893,1.01599,0.937703,1.01599,1.4066,0.937703,1.08639
6.66323,1.18203,6.72138,6.85124,1.2857,0.963832,0.963832,0.982429,0.982429,0.963832,0.982429,0.963832,0.963832,0.963832,0.982429
1.40606,0.984986,0.984986,1.40606,0.984986,0.984986,1.62409,0.984986,0.984986,1.62409,1.22825,0.984986,1.40606,0.984986,0.984986
0.707407,0.707407,0.707407,0.707407,0.707407,0.707407,0.707407,1.77707,27.013,0.707407,4.64222,1.77707,3.09607,0.707407,0.707407
12.7661,0.92256,0.92256,0.92256,0.92256,0.92256,0.923236,0.92256,0.92256,0.92256,0.92256,0.92256,0.92256,0.92256,0.92256
0.957043,1.6035,1.1078,9.52987,1.6035,9.44001,1.0219,1.6035,0.957043,1.0219,0.957043,1.1078,1.40573,0.957043,1.1078
0.847358,0.847358,0.847358,0.847358,0.847358,0.847358,0.847358,0.847358,0.847358,0.847358,0.847358,0.847358,0.847358,0.847358,0.847358
1.4508,1.10271,1.10271,1.11559,0.965367,5.16013,1.11559,7.52685,1.10271,1.11559,0.965367,2.76281,1.11559,0.965367,1.10271
1.02106,3.42413,1.02106,1.02106,1.02106,1.02106,1.02106,1.02106,1.02106,1.02106,1.02106,1.02106,1.02106,0.891966,1.02106
9.93856,13.9246,9.25777,0.848506,0.848506,0.848506,0.848506,2.5337,1.5092,0.848506,0.848506,0.848506,0.848506,0.848506,0.848506
9.18197,4.75135,4.65325,9.42991,1.04358,1.22548,1.21684,0.955676,1.04358,1.21684,0.955676,1.04358,1.21684,0.955676,1.04358
3.53203,0.971145,0.971145,0.977074,0.971145,0.971145,0.977074,0.971145,0.971145,0.977074,0.971145,0.971145,1.3358,0.971145,0.971145
1.0595,3.25019,1.0595,1.0595,0.999063,1.0595,1.0595,0.964003,1.0595,1.0595,0.964003,1.0595,1.0595,0.964003,0.999063
0.960498,0.941768,2.8814,0.960498,0.960498,0.960498,0.960498,0.960498,0.960498,0.960498,0.960498,0.960498,0.960498,0.960498,0.960498
6.6746,0.962004,0.962004,0.968951,0.962004,0.962004,0.968951,2.45078,0.962004,0.968951,0.962004,0.962004,1.28816,0.962004,0.962004
12.2178,0.847834,0.847834,0.847834,0.847834,0.908982,0.847834,0.847834,0.847834,1.27731,0.908982,1.47738,0.847834,0.908982,0.908982
8.93573,0.981153,0.981153,1.17046,3.78255,0.981153,1.12162,0.981153,1.39288,1.12162,0.981153,0.981153,1.12162,0.981153,0.981153
1.90678,0.983434,0.983434,24.5363,0.983434,0.983434,1.90678,0.983434,0.983434,1.90678,0.983434,0.983434,1.90678,0.983434,0.983434
4.92919,4.43646,1.30892,4.96764,1.30892,1.54366,1.05727,1.21768,4.86466,2.41973,1.00819,1.54512,1.58222,0.9041,1.30892
3.1434,1.64469,1.64469,2.07093,0.811508,1.64469,2.07093,0.811508,1.64469,0.811508,0.811508,1.64469,0.797286,0.811508,1.64469
4.67563,1.90421,1.41775,5.89107,1.69503,1.14819,1.14819,1.045,0.939307,1.14819,1.98829,3.94569,1.44398,0.939307,1.045
0.958786,2.23244,0.958786,0.958786,0.958786,0.958786,0.958786,0.958786,0.958786,0.958786,0.958786,0.958786,0.958786,0.958786,0.958786
1.1756,1.43181,1.43181,1.1756,0.93493,0.85575,1.60983,0.93493,0.85575,1.1756,0.85575,0.93493,1.1756,1.60284,0.93493
0.933022,0.933022,0.933022,0.933022,0.933022,0.933022,7.44755,0.933022,0.933022,0.933022,0.933022,1.05119,0.933022,0.933022,0.933022
11.7236,11.7059,0.986942,1.52781,0.986942,0.986942,2.06071,0.986942,0.986942,2.06071,0.986942,0.986942,1.52781,0.986942,0.986942
1.02991,1.02991,4.11916,1.02991,1.02991,1.02991,1.02991,1.02991,1.02991,1.02991,0.893356,1.02991,1.02991,0.947601,1.02991
0.944914,0.944914,0.944914,0.944914,0.944914,0.944914,0.944914,0.944914,0.944914,0.944914,0.944914,0.944914,0.944914,0.944914,0.944914
11.3977,1.21777,0.680975,2.30416,1.23064,8.15326,1.1892,1.1892,0.680975,0.680975,1.12113,1.75194,0.680975,1.1892,0.680975
1.87326,1.16433,1.57362,6.17775,0.891927,0.870989,1.0631,0.936018,0.850461,1.0631,0.95312,1.16433,1.0631,0.974869,1.90563
5.2344,4.3011,5.21143,5.25279,1.42572,1.19854,5.28066,1.82859,1.27106,1.02726,1.02726,1.09374,1.52913,0.864537,1.21073
6.26406,2.35247,3.23813,6.09161,2.04135,7.02384,7.00287,0.973098,0.973098,1.20009,0.973098,1.39068,1.20009,0.973098,0.973098
17.3861,0.837498,17.29,0.837498,0.837498,0.837498,0.837498,0.837498,2.45695,0.837498,0.837498,0.837498,0.837498,1.77246,0.837498
0.940892,0.940892,0.940892,1.32808,0.940892,0.940892,1.32808,0.940892,0.934413,0.940892,1.79408,0.934413,0.940892,0.934413,0.934413
11.6196,0.976137,0.976137,1.49536,0.976137,0.976137,1.11913,0.976137,1.11855,1.11913,0.976137,0.976137,1.63099,0.976137,1.11855
0.836621,0.836621,0.836621,18.3245,0.836621,0.836621,0.836621,0.836621,0.836621,0.836621,0.836621,0.836621,0.836621,0.836621,0.889293
0.951744,0.951744,9.71407,0.951744,0.951744,0.951744,0.951744,0.951744,0.951744,0.951744,0.951744,0.951744,0.951744,1.40105,0.951744
7.23591,7.24572,1.06822,0.85564,0.85564,7.2096,3.18781,0.85564,1.06822,7.23687,1.08241,1.06822,1.08241,1.22321,0.85564
0.953109,1.43129,0.953109,0.953109,0.953109,0.953109,0.953109,0.953109,0.953109,3.35435,0.960398,0.953109,0.953109,0.953109,0.953109
4.456,1.20067,1.20067,0.902705,5.64003,0.930212,0.902705,0.930212,1.20067,0.902705,0.902705,1.20067,0.902705,0.930212,1.20067
4.53307,2.10797,2.10797,0.73358,0.908346,0.908346,0.73358,0.908346,0.908346,0.73358,0.908346,0.908346,0.73358,0.908346,0.908346
7.78145,5.02499,3.42496,0.945368,0.945368,0.945368,4.737,0.945368,0.945368,0.945368,0.945368,0.945368,0.945368,0.945368,0.945368
5.75197,1.73469,1.4131,1.12061,1.45057,1.43371,1.12061,1.12061,2.88289,1.12061,0.907866,1.4131,1.05147,0.907866,1.1131
9.81056,0.951554,9.9155,0.984351,0.951554,0.951554,0.984351,0.951554,0.951554,0.984351,2.66092,0.951554,0.984351,0.951554,0.951554
17.6266,0.798822,6.87697,0.798822,0.960164,0.960164,0.798822,2.60111,0.960164,0.960164,0.798822,0.798822,0.960164,0.798822,0.798822
0.470968,0.470968,0.470968,0.470968,0.470968,0.470968,0.470968,0.470968,0.470968,0.470968,1.92011,0.470968,0.470968,0.470968,0.470968
0.940045,6.37066,12.862,0.940045,0.940045,0.940045,0.940045,0.940045,1.862,0.940045,0.940045,0.940045,0.940045,0.940045,1.56862
5.21044,1.32592,1.32592,6.80064,6.39493,1.32592,1.0301,2.14633,1.32592,1.0301,0.885688,2.65173,1.0301,0.894582,1.32592
8.11008,2.26266,8.30146,2.28891,2.65982,1.17601,1.50533,0.942947,8.26942,1.50533,0.942947,0.942947,2.27242,0.942947,1.00659
4.78577,8.26421,1.00859,0.907893,1.00859,1.00859,6.08059,1.00859,1.00859,0.907893,1.00859,1.00859,0.907893,0.907893,1.00859
9.49588,5.32241,2.10992,9.88523,0.939649,0.939649,9.54655,0.939649,0.939649,1.18681,0.939649,0.939649,1.18681,0.939649,0.939649
0.840034,0.840034,0.840034,0.840034,0.840034,0.840034,0.840034,0.840034,0.840034,0.840034,0.840034,0.840034,0.840034,0.840034,0.840034
38.0835,0.963672,0.963672,0.963672,0.963672,0.963672,0.963672,0.963672,0.963672,38.7069,0.963672,0.963672,0.963672,0.963672,0.963672
9.3872,1.42309,1.13304,9.48472,1.13304,1.14832,1.13304,0.957414,1.13304,1.41995,0.957414,1.13304,1.98693,0.957414,1.13304
1.00413,1.62371,1.37074,5.66023,1.37074,1.10636,1.00413,3.0335,1.37074,5.62032,0.905551,1.37074,1.00413,0.902764,1.37074
11.705,6.67665,1.95713,0.919275,1.93686,1.93686,0.848438,1.15398,2.00096,0.919275,0.848438,0.919275,0.919275,1.286,0.848438
6.34227,1.55153,0.974084,1.89443,0.956336,1.24101,1.54852,0.956336,1.35803,1.20753,0.956336,1.31572,1.04298,0.956336,0.977407
0.855149,0.855149,0.855149,0.855149,0.855149,0.855149,0.855149,0.855149,0.855149,0.855149,0.855149,0.855149,0.855149,0.855149,0.855149
11.2893,3.47757,11.459,11.3285,0.876376,1.08743,10.359,0.96277,11.2795,0.96277,0.876376,0.876376,0.876376,0.876376,1.08743
3.65053,0.978223,1.09611,1.38382,0.978223,7.62587,1.38382,0.978223,1.09611,1.38382,0.978223,1.09611,1.38382,0.978223,1.09611
0.856126,1.01285,1.01285,0.856126,1.01285,1.01285,0.856126,1.01285,1.01285,1.47901,1.01285,1.01285,2.06346,1.01285,1.01285
1.1361,2.69011,1.27078,4.56158,1.1361,0.944261,0.944261,1.1361,0.926386,0.944261,0.926386,1.18916,0.944261,0.926386,1.68758
1.25616,6.13764,5.95931,1.16571,1.45256,6.08613,6.00899,1.45256,1.18202,1.16571,0.933961,1.16571,1.16571,0.933961,1.45256
0.973024,0.973024,0.973024,0.973024,1.36542,0.973024,0.973024,0.973024,0.973024,0.971812,0.973024,0.973024,0.973024,0.973024,0.973024
2.9292,2.78122,2.78122,6.88249,1.18609,6.82262,4.73066,0.984883,6.3233,3.70644,0.940415,1.47612,2.13829,1.5424,1.18609
3.34668,1.05209,7.08702,3.12488,0.880069,1.43559,1.05949,0.880069,1.05209,1.05949,0.880069,1.45061,1.79203,1.64912,2.14574
0.778084,3.82047,11.6433,1.03669,0.778084,11.3583,0.83072,0.778084,11.3871,0.935994,0.83072,1.33566,0.83072,0.778084,0.83072
4.4285,11.2774,11.1062,0.415329,6.06767,11.1862,0.544584,2.01753,1.61381,1.97487,0.774363,0.774363,0.544584,0.544584,1.97123
1.15788,2.55402,1.15788,0.960735,0.960735,0.960735,0.960735,0.960735,0.960735,0.960735,0.960735,0.960735,0.960735,0.960735,0.960735
2.22033,1.67069,2.12638,1.11561,1.11561,1.11561,1.39468,0.949546,1.11561,1.11561,0.949546,1.11561,1.39468,0.949546,1.11561
15.781,8.30483,15.5878,0.752628,0.804412,0.804412,0.752628,0.804412,0.804412,1.42346,2.30446,0.804412,0.752628,0.804412,0.804412
1.2028,1.58304,6.08859,4.39792,0.965074,0.965074,1.4399,0.965074,0.965074,1.06879,0.965074,0.965074,1.20853,0.862968,0.965074
9.44766,4.62802,5.59846,3.03249,0.938386,9.37269,0.678528,0.938386,1.10983,0.678528,0.938386,9.45546,1.3354,0.938386,0.938386
12.4391,0.935902,0.935902,0.897788,0.935902,0.935902,0.897788,0.935902,0.935902,0.897788,0.935902,0.935902,0.897788,0.935902,0.935902
0.778727,0.778727,0.778727,0.778727,0.778727,0.778727,0.778727,0.778727,0.778727,0.778727,0.778727,0.778727,0.778727,0.778727,0.778727
4.8245,2.28667,1.8283,0.89032,0.924339,0.924339,0.89032,0.89032,0.89032,0.89032,0.89032,1.8283,0.924339,0.89032,1.33639
0.860512,0.860512,0.860512,0.860512,0.860512,0.860512,0.860512,0.860512,0.860512,0.860512,0.860512,0.860512,0.860512,0.860512,0.860512
14.8066,5.46035,14.781,0.882272,1.36387,0.882272,0.882272,0.882272,0.882272,0.882272,1.64318,0.882272,0.882272,2.04024,0.666827
0.970477,0.970477,0.970477,0.970477,5.89983,0.970477,0.970477,0.970477,0.970477,0.970477,0.970477,0.970477,0.970477,0.970477,2.03797
0.883673,0.883673,6.2561,0.883673,0.883673,0.883673,0.883673,0.883673,2.02838,0.883673,0.883673,0.883673,1.0796,1.44878,0.883673
5.14736,0.972767,1.15243,1.15243,1.13499,1.15243,1.55278,0.972767,1.13499,1.15243,0.972767,3.10213,1.15243,0.972767,1.15243
7.74538,2.34124,8.23957,0.9782,0.9782,1.24778,1.30494,0.9782,1.24778,1.08387,0.9782,1.64588,8.28612,0.9782,1.56978
1.85082,0.927001,0.927001,0.927001,0.927001,0.927001,19.3649,0.927001,0.927001,0.927001,0.927001,1.85719,1.86064,0.927001,0.927001
6.39113,1.02106,1.02106,6.77124,1.02106,1.02106,1.46644,1.02106,1.02106,7.05173,1.02106,1.02106,0.869028,0.891966,1.02106
4.28935,0.945498,1.24104,1.8672,0.963256,2.1631,0.945498,3.7774,0.963256,2.15745,0.963256,0.963256,0.945498,0.963256,0.963256
0.90098,0.90098,0.90098,0.90098,0.90098,0.90098,0.90098,0.90098,0.90098,0.90098,0.90098,0.90098,0.90098,0.90098,0.90098
20.5939,0.855708,0.855708,0.855708,0.855708,0.855708,0.855708,0.855708,0.855708,0.855708,0.855708,0.855708,0.855708,0.855708,0.855708
2.80213,1.09878,1.09878,1.09878,1.09878,1.09878,1.09878,0.977148,1.09878,1.09878,0.977148,1.09878,1.09878,0.977148,1.09878
6.74377,2.54681,6.61278,0.955956,1.48604,6.62135,1.27114,0.93333,0.955956,0.955956,0.93333,0.955956,0.955956,0.93333,0.955956
10.5365,0.969244,0.969244,0.969244,0.969244,0.969244,0.969244,0.969244,0.969244,0.969244,0.969244,0.969244,0.969244,0.969244,0.969244
0.851676,1.99395,1.99395,0.851676,0.852299,0.852299,0.851676,0.852299,0.852299,0.851676,0.852299,0.851676,0.851676,0.851676,0.852299
10.5103,10.3562,10.3416,10.5565,2.35321,10.3758,5.14191,1.32196,0.478029,0.833785,0.833785,0.478029,0.478029,1.76929,0.884917
11.3841,4.43128,2.08221,11.2818,2.21525,0.947234,11.5337,0.932176,11.4393,11.4757,0.932176,2.57427,0.870246,0.932176,2.21525
